01100001 01110010 01101010 01101111 01101111 01101011
01100001 00100000 01101100 01100001 00100000 01110100
01100001 01110100 01110010 01101011 01101110 01101001
01010111 01100001 01101000 01110011 01101000
00100000 01000001 01101100 00101101 01010100
01101000 01100001 01101100 01100001 01101101
01001000 01100101 00100000 01110111 01101001
01101100 01101100 00100000 01100100 01100101
01110110 01101111 01110101 01110010 00100000
01101101 01100101 00101100 00100000 01110111
01101001 01110100 01101000 01101111 01110101
01110100 00100000 01101000 01100101 01110011
01101001 01110100 01100001 01110100 01101001
01101111 01101110
01010000 01101100 01100101 01100001 01110011 01100101
00100000 01100100 01101111 01101110 00100111 01110100
00100000 01101011 01101001 01101100 01101100 00100000
01101101 01100101 00101100 00100000 01101000 01100101
00100000 01101001 01110011 00100000 01110111 01100001
01110100 01100011 01101000 01101001 01101110 01100111
000000000000000000000000000000000000
000000000000000000000000000000000000
001110001000111000111000111110000000
001000001000100000100000100010000000
001110001000111000111000111110000000
001000001000100000100000100010000000
001000001000111000111000111110000000
000000000000000000000000000000000000

000000000000000000000000000000000000
001110001110001000111110001110000000
001000001000001000100000001000000000
001110001110001000111110001110000000
001000001000001000100000001000000000
001000001110001000111110001000000000
000000000000000000000000000000000000
